test0
1
0.632   0.282   0.29
2
0.595   0.257   -0.002
3
0.619   -0.14   0.014
4
0.672   -0.118  0.304
test1
1
0.64    0.202   0.402
2
0.599   0.17    -0.003
3
0.631   -0.115  0.012
4
0.678   -0.094  0.42
test2
1
0.570   0.255   0.025
2
0.705   0.128   -0.189
3
0.754   -0.193  0.023
4
0.621   -0.064   0.246
test3
1
1.379   -0.071  0.127
2
1.401   -0.405  -0.116
3
1.446   -0.575  0.125
4
1.414   -0.245  0.372
test4
1
1.517    -0.194  0.334
2
1.525    -0.199  0.036
3
1.26     -0.517  0.04
4
1.255    -0.519  0.34
test5
1
0.857   0.093   0.282
2
0.809   0.099   -0.003
3
0.625   -0.236  0.014
4
0.67    -0.248  0.313
test6
1
1.415   0.514   0.410
2
1.370   0.459    0.004
3
1.532   0.188    0.031
4
1.567   0.238    0.434
test7
1
1.975   0.002   0.461
2
1.994   -0.037  0.0565
3
2.055   -0.336  0.078
4
2.037   -0.29   0.482
test8
1
2.015   -0.319  0.467
2
1.977   -0.349  0.049
3
1.891   -0.637  0.083
4
1.911   -0.602  0.493
test9
1
1.815   0.733   0.43
2
1.834   0.666   0.028
3
1.996   0.418   0.061
4
1.980   0.475   0.465
test10
1
1.46    0.328   0.189
2
1.457   0.273   -0.102
3
1.65    -0.069  -0.052
4
1.642   -0.031  0.243
test11
1
0.604   0.312   0.052
2
0.589   0.333   -0.239
3
0.710   -0.048  -0.261
4
0.716   -0.066  0.025
test12
1
0.830   0.272   0.021
2
0.758   0.280   -0.262
3
0.789   -0.122  -0.273
4
0.840   -0.123  0.01
test13
1
0.614   0.382   -0.086
2
0.662   0.280   -0.356
3
0.917   0.048   -0.214
4
0.900   0.155   0.048
test14
1
0.857   0.422   -0.058
2
0.940   0.369   -0.338
3
1.251   0.207   -0.215
4
1.204   0.271   0.058
test15
1
1.780   0.275   0.777
2
1.795   0.005   0.467
3
1.872   -0.203  0.652
4
1.842   0.062   0.953
test16
1
2.100   -0.617  0.988
2
2.122   -0.478  0.595
3
1.972   -0.731  0.512
4
1.954   -0.846  0.897
