photo0
1
1037.5        781
3
1405.5        1031.3
4
1385.5        783.7
photo1
1
1113        694
2
1120        1038.5
3
1384        1030
4
1360        701
photo2
1
1029.5        1008.5
2
1169.5        1192.5
3
1416        1024
4
1349        815.5
photo3
1
1278        994.5
2
1400.75        1090.5
3
1463        1002
4
1343        908
photo4
1
1318        928.5
2
1314.5        1033.5
3
1473        1031
4
1474.3        902.4
photo5
1
1206.5        857
2
1195.75        1043
3
1497.5        1031.5
4
1491.5        782
photo6
1
1061        890
2
1071.5        1038
3
1181        1033
4
1168        896
photo7
1
1243.5        922.5
2
1251        1032
3
1325.5        1027.5
4
1317.5        921.5
photo8
1
1327.5        924.5
2
1335        1033
3
1421.8        1026
4
1413        911
photo9
1
1035        919
2
1050        1037
3
1132        1028
4
1117        920
photo10
1
1130        972
2
1145        1082
3
1269        1062
4
1258        964
photo11
1
996        977.5
2
967        1255.5
4
1331.5        1016
photo12
1
1085        1021.5
2
1063        1226.3
3
1353.5        1232.5
4
1345        1033
photo13
1
933.35        1103
4
1173.75        1007
photo14
1
990.3        1070.5
2
1046        1234
3
1169        1134
4
1137        1011
photo15
1
1165        811.4
2
1239.7        909.2
3
1303.65        862
4
1229.5        767.1
photo16
1
1396        798
2
1362.5        898.5
3
1440        911
4
1478.5        802
